.Random.seed <-
c(403L, 3L, 198228743L, -491873571L, 144704468L, -743308550L, 
226498117L, 1699344031L, -1917922266L, -718012240L, -1564772013L, 
-880941967L, 559159712L, -369683138L, -1330072503L, -50265861L, 
772499658L, -1932136916L, -543649233L, -1234744603L, -1582657636L, 
-1522144782L, -490912659L, 855975335L, -710914098L, 6262056L, 
536162091L, 1867830601L, 1744083544L, 907531014L, 62832353L, 
2022791795L, 813933282L, -2096939436L, -910145705L, 1531870029L, 
-205992220L, -1680732470L, 1285017397L, -1570298481L, 302891670L, 
615832128L, 189786883L, -377455839L, -1591968752L, -806016018L, 
-1271432295L, 575218731L, -251051750L, 1360737244L, -1512327713L, 
-2084798027L, 1516785484L, 1963435426L, 472294653L, -1855821321L, 
-645585122L, -1336960552L, -395267269L, -1937672999L, 1999304808L, 
167841174L, -1937631983L, 1805260483L, 244397778L, 1280782180L, 
303747751L, 1946369021L, -1252397580L, 1786473178L, 535702565L, 
1037893951L, 871495366L, 1826102096L, 1957774195L, -58935919L, 
-575825984L, -16899682L, 463670121L, -1820999781L, 823068330L, 
-2105741108L, 1455600015L, 2087093701L, 1080117628L, -1927267886L, 
-902322867L, 1697167367L, 1441945582L, -1094918456L, 179048907L, 
831267881L, -509668744L, -1055170650L, 366598593L, -1991004589L, 
-886938366L, -468351948L, -1871260233L, 739981741L, 1037785796L, 
-1844363542L, -2052239019L, 498140911L, 1364915446L, 2053833760L, 
604714467L, -1748162943L, -216461072L, 1835093902L, 461275385L, 
788359819L, -2114131270L, 808830396L, -248221953L, 878928469L, 
-1404037780L, 1453088194L, 781819421L, 1340368535L, -68603906L, 
-1737548872L, -270936165L, 690593273L, 564731208L, 1909053558L, 
-1610586703L, 403925987L, 1346631858L, -342731516L, 1793685063L, 
-1835966179L, -1771032684L, -660630726L, 927129477L, -1819988897L, 
-1473452314L, -789279376L, -1110772077L, -1712935119L, 174765536L, 
737038974L, -1761287927L, 2064909115L, 299629322L, -347450644L, 
589729647L, -178892635L, 1614010972L, 1881725490L, 1001378093L, 
-1315612697L, 75841294L, -835407640L, 2121769707L, 1103653769L, 
-993470696L, 796678726L, -1713268063L, -1372676813L, -1112144734L, 
-416453740L, 754356759L, 826447373L, 575435556L, -674590966L, 
2090140277L, -1192853041L, 1658850006L, -990237056L, 1469616323L, 
-347812255L, -557349168L, 117260334L, 905864665L, -313345557L, 
706407514L, 1319138844L, -787859681L, 2078952309L, 2020561420L, 
1093280738L, -329420611L, 694656823L, -1429813282L, -576137960L, 
679082107L, -92897767L, -308357464L, -1307888554L, -1826582319L, 
-302453629L, -311881966L, 441948836L, 346875495L, 1856141245L, 
217262388L, -317191526L, 1875790053L, 413186687L, 1097835526L, 
2089006992L, 1556511283L, -1133792815L, -261573760L, 1395027550L, 
1130845609L, 1527854171L, 925863018L, -1007135476L, -1552861361L, 
5415941L, -1983685956L, -1435178094L, 1183246477L, 652766919L, 
-680335442L, 1135505928L, 1046246923L, 931118825L, 184015288L, 
-760310170L, 447902465L, 1772270995L, 553602626L, 2001154548L, 
-714585097L, -860819475L, 1354176644L, -111331528L, -133743462L, 
-868584752L, -1215635268L, -1814534508L, 271640194L, 1809292480L, 
-986959556L, 886833296L, -1716839902L, -2026211832L, -1211723508L, 
473916060L, -284377582L, -1851822720L, -627151340L, 916497960L, 
-468282054L, 1439672272L, -1353465236L, 1679820596L, 1761440402L, 
1428715872L, 2037342540L, -1301282848L, 1199091618L, -1774487640L, 
310860684L, -1115662660L, 2031573874L, -1361590032L, -1270474684L, 
999734616L, 1414562874L, 83026800L, -781040580L, -1530922220L, 
-1599157822L, -1543876384L, 1326319484L, -1923322160L, -1777867102L, 
403637288L, -1481766644L, 966632380L, 202665266L, 1317224384L, 
1478619700L, 1562184648L, -734657350L, -1528975472L, 1252746732L, 
-2041978796L, -1484968302L, 899472160L, -588505652L, 566348768L, 
-680488254L, -1587680728L, 1293409964L, 2092020412L, 812581362L, 
-79984336L, 1268710564L, -1693633864L, 619629402L, 943222160L, 
1242194300L, -987407084L, 190114114L, -1086078208L, 1222671292L, 
-1824232624L, -1767349982L, 1800097096L, -1722337268L, -1326688164L, 
-579119918L, -2027313152L, -7132332L, -1390702104L, 713312250L, 
-2133309744L, -727542484L, 1851029748L, 1976825746L, -417026976L, 
-2003161844L, -1728936224L, 1786105186L, 970195624L, -1823724980L, 
-635361412L, -375395534L, 2052107888L, -1172316860L, 1731865560L, 
1064910970L, -617507280L, -1228531012L, 231970644L, 729152066L, 
-1861067872L, 1662499004L, -2045677104L, -297302686L, 673932264L, 
1705387980L, -1840388356L, 240373746L, 2001665152L, 1776486644L, 
1317786760L, 1655043386L, 528368464L, 929016940L, -649236332L, 
1518078290L, 1516379872L, -389537588L, 1504843936L, 691607938L, 
-1865484056L, 741845228L, 404301884L, 2055528562L, -129406864L, 
-1847533020L, -341278152L, -44434918L, 32694480L, -194968004L, 
-1539388268L, -1140718462L, 1678747584L, -1316520644L, 2039811728L, 
-275536862L, -885075960L, 1703697548L, 1077284892L, 551318674L, 
-308859776L, -753810412L, -1529593048L, -1227598790L, -1799115568L, 
1219777644L, -1269717324L, -1030229998L, -32407584L, -1557861428L, 
-492642848L, 130669602L, 1084138792L, 952867084L, 380964412L, 
-1748208398L, 787106032L, -1270642876L, -346812328L, 1412350522L, 
-1216743184L, -1277570372L, -1721239020L, -365237054L, -1024375200L, 
-856435332L, -480856880L, -1188772830L, 1719642280L, 400051596L, 
-2062945860L, -675620814L, -1443560640L, 608849588L, 857039176L, 
1418412730L, -1989886192L, 1427284204L, 1738762324L, 925001490L, 
1879630240L, -270104628L, -1531945120L, -336593726L, 318475816L, 
-1323017812L, 1772282684L, -389893262L, 854503216L, 1329422372L, 
-1035514312L, 926667482L, -1490208880L, -1504086788L, -477782636L, 
1081111362L, -624875008L, 866740284L, -141422000L, -1736699742L, 
317858632L, 748292620L, -1524000036L, 1686851666L, -2020037504L, 
-82385068L, 317902824L, 1392313082L, 434718544L, -1430838228L, 
-2120853132L, 881200786L, 870720096L, 1055084684L, -1017278112L, 
1541167330L, -469259096L, -390076724L, -1864164868L, 9132978L, 
-1136942096L, 1435881924L, 873401688L, -617848454L, -1551011408L, 
-1058422738L, 2089055963L, -1286975555L, 1408166186L, -48562744L, 
-1506917647L, 61885539L, 1836701796L, 1778914194L, 1198520423L, 
-162527183L, 371644790L, 1139435156L, 1691659429L, -634998353L, 
1940154984L, 382390854L, 747173875L, 1162364757L, 904001842L, 
1691929856L, -1035514391L, 1405392987L, -734229844L, -563727174L, 
-789219729L, -2046368775L, -39384434L, -376255652L, -1026349107L, 
-1105803465L, 627250624L, 1729067678L, -1287113877L, 238299885L, 
1265868634L, -1341991912L, 1548235137L, -1578711245L, -1435959980L, 
-1002145950L, 339987447L, 99333185L, 1138303174L, 1788120580L, 
-1233180235L, 273192607L, -349817096L, 1984264918L, 697413475L, 
-79440091L, -987820862L, -529225296L, 2077041113L, 1138536267L, 
773129660L, 2131080682L, 363942431L, -899893079L, -941625282L, 
187138348L, -32363651L, -412573241L, -2110450512L, -334052658L, 
-2131888133L, 2094530653L, -1474656374L, -1608267864L, -2067976943L, 
-2059258877L, -708296956L, -1133505742L, 1612951943L, 1944041425L, 
985725270L, -1961134284L, 95607365L, -1323784561L, 386887688L, 
-2103290842L, -1626329901L, -865702347L, 144000402L, 575854944L, 
-171138871L, -783404037L, 210056140L, -1256255910L, -325282993L, 
1238706713L, 585828398L, -873953732L, 1819360173L, 1305375831L, 
377012640L, 90004222L, -657753653L, -1493647411L, 1962660602L, 
878266680L, -845753631L, -1343113837L, -405905996L, -775659838L, 
1868803799L, 321666849L, -37087514L, -1471746076L, -2076180715L, 
1433990975L, -546004264L, 1597089526L, -1489940221L, 1972154949L, 
-2054618526L, -569531952L, -373768455L, 861240363L, 99220380L, 
310571978L, -1380234049L, -888672759L, -131160290L, 1157746380L, 
-1810411875L, -38188249L, 512157008L, -436155410L, 554284187L, 
176037629L, 194340330L, -2046085496L, 2013397041L, 25287331L, 
609526436L, 640889682L, 1906268839L, -268892431L, -865196490L, 
579250900L, -2111996315L, -1263432593L, 1897100968L, -1353567226L, 
1781801267L, -947159659L, -460721678L, -695828928L, 1850630057L, 
